=== Tier 1 (345) ===
name                  L10   L15   L20   L25   L30   L35
Bulbasaur             281   422   563   703   844   915
Charmander            245   368   490   613   736   797
Squirtle              236   354   472   590   708   767
Caterpie              101   151   202   253   303   328
Weedle                106   159   212   265   318   345
Pidgey                165   248   330   413   496   537
Rattata               179   269   359   449   539   584
Spearow               195   293   391   489   587   636
Ekans                 231   346   462   578   693   751
Sandshrew (Alola)     329   494   659   824   988   1071
Sandshrew             321   481   641   802   962   1043
Nidoran♀              201   301   402   502   603   653
Nidoran♂              213   319   426   532   639   692
Vulpix                219   329   439   548   658   713
Zubat                 161   242   323   404   485   526
Oddish                312   468   624   780   936   1014
Paras                 255   383   510   638   766   830
Venonat               251   377   502   628   754   817
Diglett (Alola)       165   248   331   414   496   538
Diglett               164   246   328   410   492   533
Meowth (Alola)        196   294   393   491   589   638
Meowth (Galarian)     260   389   519   649   779   844
Meowth                183   275   367   458   550   596
Psyduck               279   418   557   697   837   906
Mankey                294   441   588   735   882   955
Growlithe (Hisuian)   336   505   673   841   1010  1094
Growlithe             315   473   631   789   946   1025
Poliwag               204   307   409   512   614   665
Abra                  340   510   680   850   1020  1105
Machop                324   486   648   810   973   1054
Bellsprout            257   386   515   644   773   837
Tentacool             261   391   522   653   783   849
Geodude               329   494   659   823   988   1071
Ponyta                438   658   877   1096  1316  1426
Slowpoke              310   465   620   775   930   1008
Magnemite             347   520   694   868   1041  1128
Farfetch’d            432   648   864   1080  1296  1404
(Galarian)
Doduo                 303   455   606   758   910   986
Seel                  242   363   484   605   726   787
Grimer                350   525   700   875   1050  1138
Shellder              272   408   544   680   816   884
Gastly                309   464   618   773   928   1005
Onix                  275   413   551   689   827   896
Drowzee               260   391   521   651   782   847
Krabby                401   601   801   1002  1202  1302
Voltorb               253   380   506   633   760   823
Exeggcute             297   446   594   743   892   966
Cubone                255   382   510   638   765   829
Lickitung             360   540   720   900   1080  1170
Koffing               308   462   616   770   924   1001
Rhyhorn               426   639   852   1065  1278  1385
Tangela               586   879   1172  1466  1759  1906
Horsea                265   398   531   664   797   863
Goldeen               291   437   583   728   874   947
Staryu                292   439   585   731   878   951
Mr. Mime (Galarian)   539   809   1079  1349  1619  1754
Scyther               714   1072  1429  1786  2144  2322
Magikarp              59    88    118   147   177   192
Eevee                 269   404   539   673   808   875
Porygon               445   667   890   1112  1335  1446
Omanyte               397   595   794   993   1191  1291
Kabuto                350   525   700   875   1050  1137
Dratini               251   377   503   629   755   818
Chikorita             233   349   466   582   699   757
Cyndaquil             245   368   490   613   736   797
Totodile              286   429   571   714   858   929
Sentret               149   223   298   372   447   484
Hoothoot              163   245   327   409   491   532
Ledyba                177   266   355   444   532   577
Spinarak              201   302   402   503   604   654
Chinchou              282   422   563   704   845   916
Pichu                 111   167   222   278   334   361
Cleffa                162   244   325   407   488   529
Igglybuff             123   185   247   309   371   402
Togepi                159   238   318   397   477   517
Natu                  277   416   555   694   833   902
Mareep                247   371   495   619   743   804
Hoppip                144   216   288   360   432   468
Aipom                 344   516   688   860   1033  1119
Sunkern               90    136   181   227   272   295
Yanma                 376   564   752   941   1129  1223
Wooper                154   231   309   386   463   502
Murkrow               400   601   801   1001  1202  1302
Misdreavus            501   752   1002  1253  1504  1629
Pineco                279   419   559   699   839   909
Dunsparce             435   653   871   1089  1307  1416
Gligar                482   723   964   1205  1447  1567
Snubbull              313   470   627   784   941   1019
Qwilfish (Hisuian)    558   837   1117  1396  1675  1815
Sneasel               535   802   1070  1337  1605  1739
Teddiursa             338   507   676   846   1015  1099
Slugma                222   333   444   555   666   721
Swinub                181   271   362   452   543   588
Corsola (Galarian)    384   576   768   960   1152  1248
Remoraid              226   339   452   566   679   735
Houndour              312   469   625   781   938   1016
Phanpy                305   457   609   762   914   991
Tyrogue               116   173   231   289   347   376
Smoochum              328   492   656   821   985   1067
Elekid                306   458   611   764   917   994
Magby                 337   505   674   843   1011  1096
Larvitar              261   391   522   653   783   849
Treecko               264   397   529   661   794   860
Torchic               275   413   550   688   826   895
Mudkip                284   427   569   712   854   925
Poochyena             164   246   329   411   493   535
Zigzagoon             120   179   239   299   359   389
Wurmple               138   207   276   345   414   448
Lotad                 143   215   287   359   431   467
Seedot                143   215   287   359   431   467
Taillow               187   281   374   468   562   609
Wingull               187   281   374   468   562   609
Ralts                 128   192   256   320   385   417
Surskit               195   292   389   487   584   633
Shroomish             199   298   397   497   597   646
Slakoth               250   376   501   627   752   815
Nincada               188   282   377   471   565   613
Whismur               160   241   321   401   482   522
Makuhita              199   299   399   499   599   649
Azurill               81    121   162   203   243   264
Nosepass              247   370   494   617   741   802
Skitty                180   271   361   451   542   587
Aron                  333   500   666   833   1000  1083
Meditite              169   253   338   422   507   549
Electrike             241   361   482   602   723   783
Gulpin                213   320   427   534   641   695
Carvanha              250   375   500   625   750   813
Wailmer               372   558   744   931   1117  1210
Numel                 265   398   530   663   796   862
Spoink                340   510   681   851   1021  1106
Trapinch              323   484   646   807   969   1049
Cacnea                314   471   628   785   942   1020
Swablu                202   304   405   507   608   659
Barboach              202   303   404   505   606   656
Corphish              312   468   624   781   937   1015
Baltoy                193   290   386   483   580   628
Lileep                328   492   656   821   985   1067
Anorith               392   588   784   981   1177  1275
Feebas                59    88    118   147   177   192
Shuppet               254   381   508   635   762   826
Duskull               171   257   342   428   514   556
Wynaut                123   185   246   308   370   400
Snorunt               220   330   441   551   661   716
Spheal                239   359   479   599   719   779
Clamperl              323   485   646   808   970   1051
Bagon                 292   438   584   730   877   950
Beldum                244   366   488   610   732   793
Turtwig               300   451   601   752   902   977
Chimchar              239   358   478   597   717   776
Piplup                270   405   541   676   811   879
Starly                175   262   350   437   525   569
Bidoof                175   263   351   439   526   570
Kricketot             91    137   183   229   275   298
Shinx                 216   324   433   541   649   704
Budew                 212   318   424   530   636   689
Cranidos              467   701   935   1169  1403  1520
Shieldon              219   329   439   549   659   714
Burmy (Plant)         114   171   228   286   343   372
Combee                116   174   233   291   349   379
Buizel                264   395   527   659   791   857
Cherubi               237   355   474   593   711   771
Shellos (East_sea)    286   429   572   715   859   930
Drifloon              302   452   603   754   905   981
Buneary               320   480   640   800   960   1040
Glameow               232   349   465   581   698   756
Chingling             252   378   504   630   756   819
Stunky                290   436   581   726   872   944
Bronzor               141   212   282   353   424   459
Bonsly                332   497   663   829   995   1078
Mime Jr.              275   413   551   689   827   896
Happiny               79    119   159   199   239   259
Gible                 280   420   560   700   840   911
Munchlax              489   734   979   1224  1469  1591
Riolu                 248   372   496   621   745   807
Hippopotas            346   520   693   866   1040  1126
Skorupi               252   379   505   631   758   821
Croagunk              237   356   474   593   712   771
Finneon               242   364   485   607   728   789
Mantyke               316   475   633   791   950   1029
Snover                293   439   586   733   879   953
Snivy                 210   315   420   525   630   683
Tepig                 272   408   544   680   816   884
Oshawott              262   393   525   656   787   853
Patrat                194   292   389   486   584   632
Lillipup              228   341   455   569   683   740
Purrloin              189   284   379   474   568   616
Pansage               238   358   477   597   716   776
Pansear               238   358   477   597   716   776
Panpour               238   358   477   597   716   776
Munna                 288   433   577   722   866   938
Pidove                209   314   419   524   629   681
Blitzle               218   327   436   545   655   709
Roggenrola            305   458   611   764   916   993
Woobat                254   381   508   636   763   826
Drilbur               350   526   701   876   1052  1139
Timburr               334   501   668   836   1003  1087
Tympole               207   310   414   518   621   673
Sewaddle              244   366   488   611   733   794
Venipede              172   258   345   431   517   561
Cottonee              170   255   340   425   511   553
Petilil               258   387   517   646   775   840
Sandile               259   389   518   648   778   843
Darumaka              368   552   736   920   1105  1197
Dwebble               311   466   621   777   933   1010
Scraggy               351   526   701   877   1052  1140
Yamask                245   368   491   613   736   798
Tirtouga              382   573   764   956   1147  1242
Archen                475   713   951   1189  1427  1546
Trubbish              250   375   501   626   751   814
Zorua (Hisuian)       303   455   607   759   911   987
Zorua                 296   445   593   741   890   964
Minccino              216   324   432   540   648   702
Gothita               237   356   474   593   712   771
Solosis               348   522   696   870   1044  1131
Ducklett              211   317   423   529   635   688
Vanillite             259   389   519   649   779   844
Deerling (Autumn)     286   429   573   716   859   931
Karrablast            299   448   597   747   896   971
Foongus               244   366   488   611   733   794
Frillish              319   479   639   799   959   1039
Joltik                256   385   513   641   770   834
Ferroseed             234   351   467   585   702   760
Klink                 238   358   477   597   716   776
Tynamo                200   300   400   500   600   650
Elgyem                354   530   707   884   1061  1150
Litwick               252   378   504   630   757   820
Axew                  349   524   698   873   1048  1135
Cubchoo               268   402   536   670   804   871
Shelmet               205   307   410   512   615   666
Mienfoo               354   532   709   887   1064  1153
Golett                301   451   601   752   902   978
Pawniard              367   550   734   918   1101  1193
Rufflet               382   573   764   955   1146  1242
Vullaby               323   484   646   807   969   1050
Deino                 267   400   534   667   801   867
Larvesta              384   576   768   960   1152  1248
Chespin               276   414   552   690   829   898
Fennekin              258   387   516   645   774   839
Froakie               248   372   496   621   745   807
Bunnelby              131   197   263   329   395   428
Fletchling            197   295   394   493   591   641
Scatterbug            115   173   231   289   347   376
(Archipelago)
Litleo                365   547   730   912   1095  1186
Flabebe (Blue)        267   401   535   669   803   870
Skiddo                317   476   635   794   952   1032
Pancham               382   573   764   955   1146  1241
Espurr                320   480   640   800   960   1040
Honedge               355   533   711   889   1067  1156
Spritzee              317   476   635   794   953   1032
Swirlix               298   447   596   746   895   970
Inkay                 231   346   461   577   693   750
Binacle               236   354   472   590   708   767
Skrelp                267   401   535   668   802   869
Clauncher             274   411   548   685   822   891
Helioptile            232   348   464   580   697   755
Tyrunt                422   633   843   1054  1266  1371
Amaura                348   521   695   869   1043  1130
Goomy                 244   366   488   610   732   793
Phantump              283   425   567   709   851   922
Pumpkaboo (Average)   310   465   620   775   931   1008
Pumpkaboo (Large)     316   474   632   790   948   1028
Pumpkaboo (Small)     305   457   609   762   915   991
Pumpkaboo (Super)     318   476   635   794   953   1033
Bergmite              308   462   616   771   925   1002
Noibat                161   242   323   404   485   526
Rowlet                265   398   531   664   797   863
Litten                259   389   519   648   778   843
Popplio               285   427   570   713   855   927
Pikipek               225   337   450   563   675   731
Yungoos               217   325   433   542   650   705
Grubbin               246   369   492   615   738   800
Crabrawler            348   522   695   870   1044  1131
Cutiefly              220   331   441   551   662   717
Rockruff              237   355   474   592   711   770
Mareanie              243   364   486   608   729   790
Mudbray               491   737   983   1229  1474  1597
Dewpider              174   261   348   435   522   565
Fomantis              181   271   362   453   543   589
Morelull              259   389   519   649   778   843
Salandit              282   423   565   706   847   918
Stufful               344   517   689   862   1034  1120
Bounsweet             110   164   219   274   329   357
Wimpod                118   178   237   297   356   386
Sandygast             313   470   626   783   940   1018
Type: Null            703   1055  1406  1758  2110  2286
Jangmo-o              242   363   484   605   727   787
Cosmog                100   150   200   250   300   325
Poipole               423   635   846   1058  1270  1375
Meltan                268   403   537   672   806   873
Grookey               273   410   546   683   820   888
Scorbunny             276   414   552   690   828   897
Sobble                276   414   552   690   828   897
Skwovet               234   352   469   587   704   763
Rookidee              161   242   323   404   485   525
Blipbug               81    122   162   203   244   264
Nickit                174   261   349   436   523   567
Gossifleur            163   244   326   407   489   530
Wooloo                172   258   344   430   516   559
Chewtle               248   372   497   621   745   807
Yamper                193   290   386   483   580   628
Rolycoly              147   221   295   368   442   479
Applin                174   260   347   434   521   565
Silicobra             272   408   544   680   816   884
Arrokuda              224   336   448   560   672   729
Toxel                 177   266   354   443   532   576
Sizzlipede            263   395   527   659   790   856
Clobbopus             287   431   574   718   862   934
Sinistea (Antique)    287   431   575   719   863   935
Hatenna               213   320   427   534   640   694
Impidimp              198   298   397   497   596   646
Milcery               205   307   410   512   615   666
Snom                  125   188   251   314   376   408
Cufant                351   526   702   878   1053  1141
Dreepy                187   281   375   469   563   610
Kubfu                 438   657   877   1096  1315  1425
Sprigatito            254   382   509   636   764   827
Fuecoco               284   426   568   710   852   923
Quaxly                270   405   540   675   811   878
Lechonk               179   268   357   447   536   581
Tarountula            136   205   273   342   410   444
Nymble                142   213   284   355   426   462
Pawmi                 152   228   304   381   457   495
Tandemaus             221   332   442   553   664   719
Fidough               246   370   493   616   740   801
Smoliv                211   317   423   529   635   687
Nacli                 241   362   482   603   724   784
Charcadet             179   268   358   447   537   582
Tadbulb               226   339   452   565   678   735
Wattrel               204   305   407   509   611   662
Maschiff              358   537   716   895   1074  1163
Shroodle              231   346   462   577   693   751
Bramblin              216   325   433   542   650   704
Toedscool             261   391   522   653   783   849
Capsakid              243   365   487   609   731   792
Rellor                201   302   402   503   604   654
Flittle               170   256   341   427   512   555
Tinkatink             213   319   426   532   639   692
Wiglett               136   205   273   341   410   444
Finizen               216   324   432   540   648   702
Varoom                287   431   575   719   863   935
Glimmet               433   649   866   1082  1299  1407
Greavard              255   382   509   637   764   828
Cetoddle              329   493   657   822   986   1069
Frigibax              316   474   632   790   949   1028
Poltchageist          287   431   575   719   863   935
(Artisan)

=== Tier 2 (116) ===
name                  L10   L15   L20   L25   L30   L35
Ivysaur               439   659   879   1098  1318  1428
Charmeleon            426   640   853   1067  1280  1387
Wartortle             382   573   764   955   1146  1241
Metapod               103   155   207   259   311   337
Kakuna                99    149   199   248   298   323
Pidgeotto             302   453   605   756   907   983
Pikachu               234   351   468   585   702   760
Nidorina              333   500   667   834   1000  1084
Nidorino              356   534   712   890   1069  1158
Clefairy              291   437   583   729   875   948
Jigglypuff            172   259   345   431   518   561
Golbat                515   772   1030  1287  1545  1673
Gloom                 434   651   869   1086  1303  1412
Primeape              599   899   1199  1498  1798  1948
Poliwhirl             363   545   726   908   1090  1181
Kadabra               535   802   1070  1338  1605  1739
Machoke               529   794   1058  1323  1588  1720
Weepinbell            414   621   828   1036  1243  1346
Graveler              493   740   987   1233  1480  1604
Magneton              653   980   1306  1633  1960  2123
Haunter               509   763   1018  1272  1527  1654
Rhydon                844   1267  1689  2111  2534  2745
Chansey               308   463   617   771   926   1003
Seadra                546   820   1093  1366  1640  1776
Electabuzz            612   919   1225  1531  1838  1991
Magmar                629   943   1257  1572  1886  2043
Dragonair             461   692   923   1153  1384  1500
Bayleef               373   559   745   932   1118  1212
Quilava               426   640   853   1067  1280  1387
Croconaw              446   668   891   1114  1337  1449
Togetic               442   662   883   1104  1325  1436
Flaaffy               390   586   781   977   1172  1270
Marill                105   157   210   262   315   341
Skiploom              243   365   487   609   731   792
Ursaring              779   1169  1558  1948  2338  2533
Piloswine             615   923   1230  1538  1846  1999
Porygon2              716   1074  1432  1790  2148  2327
Pupitar               457   686   915   1144  1373  1487
Grovyle               432   648   863   1079  1295  1403
Combusken             426   639   852   1066  1279  1386
Marshtomp             460   690   920   1151  1381  1496
Linoone               429   643   858   1072  1287  1394
Silcoon               131   197   262   328   394   427
Cascoon               131   197   262   328   394   427
Lombre                303   455   606   758   910   986
Nuzleaf               310   465   620   775   931   1008
Kirlia                241   362   483   604   725   785
Vigoroth              512   768   1025  1281  1537  1666
Loudred               337   505   674   842   1011  1095
Lairon                536   804   1073  1341  1609  1743
Roselia               485   728   970   1213  1456  1577
Vibrava               310   466   621   777   932   1010
Dusclops              409   613   817   1022  1227  1329
Sealeo                443   664   886   1108  1329  1440
Shelgon               530   795   1060  1325  1590  1722
Metang                445   668   891   1113  1336  1447
Grotle                491   737   982   1228  1474  1597
Monferno              405   607   810   1012  1215  1316
Prinplup              440   660   880   1100  1320  1430
Staravia              330   495   661   826   991   1074
Luxio                 380   571   761   951   1142  1237
Gabite                487   730   973   1217  1460  1582
Servine               369   554   738   923   1108  1200
Pignite               499   749   998   1248  1498  1623
Dewott                450   675   900   1126  1351  1464
Herdier               407   611   815   1019  1223  1325
Tranquill             369   554   739   923   1108  1201
Boldore               529   793   1058  1323  1587  1720
Gurdurr               567   851   1134  1418  1702  1843
Palpitoad             355   533   711   889   1067  1156
Swadloon              350   525   700   875   1050  1137
Whirlipede            288   433   577   721   866   938
Krokorok              362   543   724   905   1087  1177
Gothorita             413   620   827   1034  1241  1344
Duosion               524   787   1049  1311  1574  1705
Vanillish             410   615   820   1025  1230  1333
Klang                 479   719   959   1199  1439  1559
Eelektrik             444   665   887   1109  1331  1442
Lampent               441   662   883   1103  1324  1435
Fraxure               584   876   1168  1460  1753  1899
Bisharp               752   1128  1504  1880  2256  2444
Zweilous              477   716   955   1193  1432  1551
Quilladin             445   667   890   1112  1335  1446
Braixen               470   705   940   1175  1410  1528
Frogadier             422   633   844   1055  1266  1371
Fletchinder           376   565   753   942   1130  1224
Spewpa (Archipelago)  111   167   223   279   335   363
Floette (Blue)        394   591   788   985   1182  1281
Doublade              642   963   1284  1606  1927  2087
Sliggoo               531   797   1063  1329  1594  1727
Dartrix               446   669   892   1115  1339  1450
Torracat              441   662   883   1104  1325  1435
Brionne               490   735   980   1225  1470  1592
Trumbeak              379   568   758   947   1137  1231
Charjabug             439   658   878   1097  1317  1427
Steenee               185   278   370   463   556   602
Hakamo-o              436   654   872   1090  1308  1417
Cosmoem               197   296   394   493   592   641
Thwackey              487   731   975   1219  1462  1584
Raboot                473   709   946   1182  1419  1537
Drizzile              492   737   983   1229  1475  1598
Corvisquire           348   522   696   870   1044  1131
Dottler               257   386   515   644   773   837
Carkol                388   582   776   970   1164  1261
Hattrem               422   632   843   1054  1265  1371
Morgrem               369   553   738   923   1107  1200
Drakloak              426   638   851   1064  1277  1384
Floragato             434   651   868   1085  1302  1410
Crocalor              504   755   1007  1259  1511  1637
Quaxwell              460   690   920   1150  1380  1495
Pawmo                 330   495   659   824   990   1072
Dolliv                367   550   734   918   1101  1193
Naclstack             328   493   657   821   986   1068
Tinkatuff             332   499   665   831   998   1081
Arctibax              546   819   1091  1364  1637  1774
Dipplin               623   934   1246  1557  1869  2025

=== Tier 3 (120) ===
name                  L10   L15   L20   L25   L30   L35
Venusaur              719   1078  1437  1797  2156  2336
Charizard             765   1147  1529  1912  2295  2486
Blastoise             649   973   1297  1622  1946  2108
Butterfree            474   711   948   1185  1422  1541
Beedrill              479   719   958   1198  1438  1557
Pidgeot               556   835   1113  1391  1670  1809
Raichu                571   856   1141  1427  1713  1855
Nidoqueen             655   982   1309  1637  1964  2128
Nidoking              676   1014  1352  1691  2029  2198
Clefable              641   961   1281  1602  1922  2082
Wigglytuff            498   746   995   1244  1493  1618
Vileplume             674   1011  1349  1686  2023  2192
Poliwrath             682   1022  1363  1704  2045  2216
Alakazam              809   1214  1618  2023  2428  2630
Machamp               810   1215  1621  2026  2431  2634
Victreebel            638   958   1277  1596  1916  2075
Golem                 782   1172  1563  1954  2345  2540
Gengar                760   1140  1520  1900  2280  2470
Dragonite             1014  1520  2027  2534  3041  3295
Meganium              633   950   1267  1584  1901  2059
Typhlosion            765   1147  1529  1912  2295  2486
Feraligatr            756   1134  1512  1891  2269  2458
Crobat                698   1047  1396  1746  2095  2270
Ampharos              755   1132  1509  1887  2265  2453
Bellossom             598   897   1196  1495  1794  1944
Azumarill             407   611   815   1019  1223  1325
Politoed              644   966   1288  1611  1933  2094
Jumpluff              421   632   843   1053  1264  1370
Kingdra               697   1045  1394  1743  2091  2266
Blissey               722   1083  1444  1805  2166  2346
Tyranitar             1026  1538  2051  2564  3077  3334
Sceptile              728   1092  1456  1821  2185  2367
Blaziken              752   1129  1505  1881  2258  2446
Swampert              788   1182  1576  1970  2365  2562
Beautifly             456   684   912   1140  1368  1482
Dustox                310   465   620   775   930   1007
Ludicolo              610   914   1219  1524  1829  1982
Shiftry               611   917   1222  1528  1834  1986
Gardevoir             821   1231  1641  2052  2463  2668
Slaking               1189  1783  2378  2972  3567  3864
Exploud               615   923   1231  1539  1847  2001
Aggron                795   1192  1590  1988  2385  2584
Flygon                702   1053  1404  1756  2107  2282
Walrein               720   1080  1439  1799  2159  2339
Salamence             1001  1501  2002  2502  3003  3253
Metagross             1013  1520  2027  2534  3041  3294
Torterra              777   1166  1555  1944  2333  2527
Infernape             708   1062  1416  1770  2124  2301
Empoleon              768   1152  1536  1920  2305  2497
Staraptor             746   1119  1493  1866  2239  2426
Luxray                764   1146  1528  1910  2292  2483
Roserade              787   1180  1573  1967  2360  2557
Garchomp              1061  1591  2121  2652  3182  3447
Magnezone             851   1277  1703  2129  2555  2768
Rhyperior             998   1496  1995  2494  2993  3242
Electivire            816   1225  1633  2041  2450  2654
Magmortar             831   1247  1662  2078  2494  2702
Togekiss              887   1330  1774  2217  2661  2883
Mamoswine             884   1327  1769  2211  2654  2875
Porygon-Z             867   1301  1735  2169  2602  2819
Gallade               821   1231  1641  2052  2463  2668
Dusknoir              626   939   1252  1566  1879  2035
Serperior             597   895   1194  1492  1791  1940
Emboar                789   1183  1577  1972  2366  2563
Samurott              747   1121  1494  1868  2242  2429
Stoutland             748   1122  1496  1870  2244  2431
Unfezant              722   1082  1443  1804  2165  2346
Gigalith              858   1287  1717  2146  2575  2790
Conkeldurr            888   1331  1775  2219  2663  2885
Seismitoad            675   1013  1350  1688  2026  2195
Leavanny              680   1020  1360  1700  2041  2211
Scolipede             643   965   1286  1608  1930  2091
Krookodile            808   1211  1615  2019  2423  2625
Gothitelle            636   954   1272  1590  1908  2067
Reuniclus             775   1162  1549  1936  2324  2518
Vanilluxe             746   1119  1493  1866  2239  2426
Klinklang             695   1043  1391  1738  2086  2260
Eelektross            721   1082  1443  1804  2165  2345
Chandelure            868   1302  1736  2170  2604  2821
Haxorus               957   1436  1915  2394  2873  3112
Hydreigon             967   1451  1935  2419  2903  3144
Chesnaught            783   1174  1566  1958  2349  2545
Delphox               812   1217  1623  2029  2435  2638
Greninja              700   1050  1400  1750  2100  2275
Talonflame            577   866   1154  1443  1732  1876
Vivillon              480   721   961   1201  1442  1562
(Archipelago)
Florges (Blue)        860   1290  1720  2150  2580  2795
Aegislash (Shield)    394   591   789   986   1183  1282
Goodra                935   1402  1870  2337  2805  3039
Decidueye             733   1100  1467  1834  2201  2384
Incineroar            794   1191  1588  1986  2383  2582
Primarina             851   1276  1701  2127  2552  2765
Toucannon             709   1064  1418  1773  2128  2305
Vikavolt              827   1240  1653  2067  2480  2687
Tsareena              785   1178  1571  1964  2357  2553
Kommo-o               880   1321  1761  2201  2641  2862
Solgaleo              1083  1624  2165  2707  3249  3519
Lunala                1083  1624  2165  2707  3249  3519
Rillaboom             884   1326  1769  2211  2653  2874
Cinderace             800   1200  1600  2000  2400  2600
Inteleon              784   1176  1567  1959  2352  2547
Corviknight           646   969   1292  1615  1938  2100
Orbeetle              582   872   1163  1454  1745  1891
Coalossal             617   925   1233  1542  1850  2004
Hatterene             747   1121  1495  1869  2243  2429
Grimmsnarl            753   1130  1506  1883  2260  2448
Obstagoon (Galarian)  700   1050  1400  1750  2100  2275
Dragapult             941   1412  1882  2353  2824  3059
Ursaluna              1031  1546  2061  2577  3092  3350
Meowscarada           746   1120  1493  1866  2240  2426
Skeledirge            803   1204  1605  2007  2409  2609
Quaquaval             800   1199  1599  1999  2399  2599
Pawmot                694   1041  1388  1735  2082  2256
Arboliva              784   1176  1568  1961  2353  2549
Garganacl             716   1074  1431  1790  2148  2327
Tinkaton              589   884   1179  1474  1769  1916
Annihilape            869   1304  1738  2173  2608  2825
Kingambit             965   1447  1929  2412  2895  3136
Baxcalibur            946   1419  1892  2366  2839  3076
Hydrapple             860   1290  1719  2150  2580  2795

=== 2-Stage Final (256) ===
name                  L10   L15   L20   L25   L30   L35
Raticate (Alola)      440   661   881   1102  1322  1432
Raticate              448   672   896   1120  1344  1456
Fearow                520   780   1040  1300  1561  1691
Arbok                 500   749   999   1249  1499  1624
Sandslash (Alola)     640   959   1279  1599  1919  2079
Sandslash             624   935   1247  1559  1871  2027
Ninetales (Alola)     606   908   1211  1514  1817  1969
Ninetales             598   897   1195  1494  1793  1943
Parasect              483   724   966   1208  1449  1570
Venomoth              544   815   1087  1359  1631  1767
Dugtrio (Alola)       492   738   984   1230  1476  1599
Dugtrio               403   605   806   1008  1210  1310
Persian (Alola)       459   688   918   1147  1377  1492
Persian               436   655   873   1092  1310  1419
Golduck               644   967   1289  1611  1934  2095
Arcanine (Hisuian)    835   1253  1670  2088  2505  2714
Arcanine              803   1205  1606  2008  2410  2611
Tentacruel            637   955   1273  1592  1910  2069
Rapidash              647   971   1294  1618  1941  2103
Slowbro               670   1005  1340  1676  2011  2179
Slowbro (Galarian)    643   964   1285  1607  1929  2089
Dodrio                619   929   1239  1549  1858  2013
Dewgong               517   775   1033  1292  1551  1680
Muk                   728   1093  1457  1821  2186  2368
Cloyster              670   1005  1340  1675  2010  2178
Hypno                 545   818   1091  1364  1636  1773
Kingler               747   1121  1495  1868  2242  2429
Electrode (Hisuian)   562   843   1124  1405  1686  1827
Electrode             548   822   1096  1371  1645  1782
Exeggutor             799   1198  1597  1997  2396  2596
Marowak               476   714   952   1191  1429  1548
Hitmonlee             678   1017  1356  1695  2034  2204
Hitmonchan            611   917   1223  1529  1835  1988
Weezing               601   902   1202  1503  1804  1954
Seaking               565   848   1131  1414  1697  1838
Starmie               681   1021  1362  1702  2043  2213
Mr. Mime              582   874   1165  1456  1748  1893
Jynx                  672   1009  1345  1681  2018  2186
Gyarados              903   1355  1806  2258  2710  2935
Vaporeon              826   1239  1652  2065  2479  2685
Jolteon               764   1146  1528  1911  2293  2484
Flareon               803   1204  1605  2007  2408  2609
Omastar               737   1105  1473  1842  2210  2394
Kabutops              716   1074  1432  1790  2148  2327
Snorlax               856   1284  1712  2140  2568  2782
Furret                455   682   909   1137  1365  1478
Noctowl               527   791   1054  1318  1582  1714
Ledian                343   514   686   857   1029  1115
Ariados               459   688   918   1147  1377  1492
Lanturn               543   815   1086  1358  1630  1765
Xatu                  572   859   1145  1431  1718  1861
Sudowoodo             562   843   1123  1404  1686  1826
Sunflora              559   839   1119  1399  1679  1819
Quagsire              519   778   1037  1297  1556  1686
Espeon                841   1261  1682  2103  2523  2734
Umbreon               557   835   1113  1392  1671  1810
Slowking              670   1005  1340  1676  2011  2179
Slowking (Galarian)   718   1076  1435  1794  2153  2333
Wobbuffet             250   376   501   626   752   814
Forretress            598   897   1196  1496  1795  1945
Steelix               633   950   1266  1583  1900  2058
Granbull              671   1007  1343  1679  2014  2182
Scizor                795   1193  1590  1988  2386  2585
Magcargo              440   659   879   1099  1319  1429
Octillery             607   910   1214  1518  1821  1973
Mantine               550   825   1100  1376  1651  1789
Houndoom              694   1041  1389  1736  2083  2257
Donphan               799   1199  1598  1998  2398  2598
Hitmontop             564   845   1127  1409  1691  1832
Mightyena             501   751   1002  1252  1503  1628
Swellow               499   748   998   1247  1497  1622
Pelipper              556   834   1112  1390  1668  1807
Masquerain            595   893   1190  1488  1786  1934
Breloom               692   1038  1384  1730  2076  2249
Ninjask               512   768   1023  1279  1536  1663
Hariyama              745   1118  1490  1863  2236  2422
Delcatty              384   576   768   960   1152  1248
Medicham              366   549   733   916   1099  1191
Manectric             613   920   1227  1533  1840  1994
Swalot                514   772   1029  1287  1544  1673
Sharpedo              566   849   1132  1415  1698  1840
Wailord               592   888   1184  1481  1777  1925
Camerupt              574   860   1147  1434  1721  1865
Grumpig               622   933   1245  1556  1867  2023
Cacturne              601   901   1202  1503  1803  1954
Altaria               522   783   1044  1305  1566  1697
Whiscash              541   811   1082  1353  1623  1759
Crawdaunt             650   975   1300  1625  1950  2113
Claydol               513   769   1025  1282  1538  1667
Cradily               578   868   1157  1446  1736  1881
Armaldo               754   1130  1507  1884  2261  2450
Milotic               797   1195  1594  1993  2391  2591
Banette               602   903   1203  1504  1806  1956
Chimecho              592   888   1184  1481  1777  1925
Glalie                550   825   1100  1375  1650  1788
Huntail               614   921   1228  1535  1842  1995
Gorebyss              656   984   1312  1640  1968  2132
Bibarel               472   709   945   1181  1418  1536
Kricketune            426   639   852   1065  1278  1384
Rampardos             872   1308  1745  2181  2617  2835
Bastiodon             392   589   785   981   1178  1276
Wormadam (Plant)      459   689   919   1149  1379  1494
Wormadam (Trash)      410   615   821   1026  1231  1334
Mothim                469   704   939   1174  1409  1526
Vespiquen             522   784   1045  1306  1568  1699
Floatzel              640   961   1281  1602  1922  2082
Cherrim (Overcast)    534   801   1069  1336  1603  1737
Gastrodon (East_sea)  609   914   1218  1523  1828  1980
Ambipom               635   953   1270  1588  1906  2064
Drifblim              622   933   1244  1555  1866  2022
Lopunny               537   806   1075  1344  1613  1747
Mismagius             689   1034  1379  1724  2069  2241
Honchkrow             712   1069  1425  1781  2138  2316
Purugly               508   762   1016  1271  1525  1652
Skuntank              618   928   1237  1546  1856  2010
Bronzong              586   879   1173  1466  1759  1906
Lucario               713   1069  1425  1782  2138  2317
Hippowdon             819   1228  1638  2048  2457  2662
Drapion               645   968   1290  1613  1936  2097
Toxicroak             654   981   1308  1635  1962  2126
Lumineon              470   705   941   1176  1411  1529
Abomasnow             620   930   1240  1550  1861  2016
Weavile               796   1194  1592  1990  2389  2588
Lickilicky            648   973   1297  1621  1946  2108
Tangrowth             804   1205  1607  2009  2411  2612
Yanmega               780   1170  1560  1950  2340  2535
Leafeon               780   1170  1559  1950  2340  2535
Glaceon               830   1245  1659  2075  2490  2697
Gliscor               711   1066  1421  1777  2132  2310
Probopass             541   812   1083  1354  1624  1760
Froslass              532   798   1064  1331  1597  1730
Watchog               472   708   944   1180  1416  1534
Liepard               478   717   956   1196  1435  1554
Simisage              616   925   1233  1541  1850  2004
Simisear              616   925   1233  1541  1850  2004
Simipour              616   925   1233  1541  1850  2004
Musharna              719   1078  1438  1797  2157  2337
Zebstrika             638   956   1275  1594  1913  2073
Swoobat               444   665   887   1109  1331  1442
Excadrill             860   1290  1720  2150  2581  2796
Whimsicott            525   788   1050  1313  1576  1707
Lilligant             671   1007  1343  1678  2014  2182
Darmanitan            821   1231  1642  2052  2463  2668
(Galarian_standard)
Crustle               670   1004  1339  1674  2009  2177
Scrafty               598   897   1197  1496  1795  1945
Cofagrigus            595   893   1191  1489  1787  1935
Carracosta            691   1037  1383  1729  2075  2248
Archeops              884   1326  1767  2210  2652  2873
Garbodor              615   923   1231  1539  1847  2001
Zoroark (Hisuian)     687   1031  1374  1718  2062  2233
Zoroark               675   1013  1351  1689  2027  2196
Cinccino              587   880   1174  1467  1761  1908
Swanna                545   817   1090  1363  1635  1771
Sawsbuck (Autumn)     635   952   1270  1587  1905  2064
Escavalier            765   1147  1529  1912  2294  2485
Amoonguss             559   838   1117  1397  1676  1816
Jellicent             613   920   1227  1534  1841  1994
Galvantula            577   865   1153  1442  1731  1875
Ferrothorn            609   913   1217  1522  1827  1979
Beheeyem              727   1091  1454  1818  2182  2364
Beartic               806   1209  1612  2016  2419  2621
Accelgor              640   961   1281  1601  1922  2082
Mienshao              713   1070  1427  1784  2141  2319
Golurk                755   1132  1509  1887  2265  2453
Braviary              819   1228  1638  2047  2457  2662
Mandibuzz             557   836   1115  1394  1672  1812
Volcarona             969   1454  1938  2423  2908  3150
Diggersby             387   580   773   967   1161  1257
Pyroar                731   1096  1462  1827  2193  2376
Gogoat                739   1108  1477  1847  2217  2401
Pangoro               768   1152  1535  1920  2304  2496
Meowstic              555   833   1110  1388  1666  1805
Aromatisse            614   921   1228  1535  1843  1996
Slurpuff              576   863   1151  1439  1727  1871
Malamar               619   929   1239  1548  1858  2013
Barbaracle            706   1059  1412  1766  2119  2296
Dragalge              626   939   1252  1565  1878  2035
Clawitzer             730   1095  1460  1825  2191  2373
Heliolisk             685   1028  1370  1713  2056  2227
Tyrantrum             831   1246  1661  2077  2493  2700
Aurorus               740   1110  1481  1851  2221  2407
Sylveon               815   1222  1629  2037  2444  2648
Trevenant             674   1011  1348  1685  2023  2191
Gourgeist (Average)   628   942   1256  1570  1884  2041
Gourgeist (Large)     664   996   1328  1660  1992  2158
Gourgeist (Small)     590   886   1181  1476  1772  1919
Gourgeist (Super)     694   1042  1389  1736  2084  2258
Avalugg               850   1275  1700  2125  2550  2763
Noivern               730   1096  1461  1826  2192  2374
Gumshoos              570   856   1141  1426  1712  1854
Crabominable          769   1153  1537  1922  2306  2498
Ribombee              576   863   1151  1439  1727  1871
Lycanroc (Dusk)       712   1068  1424  1781  2137  2315
Lycanroc (Midday)     706   1059  1412  1765  2118  2294
Lycanroc (Midnight)   725   1087  1449  1812  2174  2355
Toxapex               433   650   867   1083  1300  1409
Mudsdale              808   1212  1616  2020  2424  2626
Araquanid             473   710   946   1183  1420  1538
Lurantis              630   945   1260  1575  1891  2048
Shiinotic             483   725   967   1209  1451  1572
Salazzle              651   976   1302  1627  1953  2116
Bewear                826   1239  1653  2066  2479  2686
Golisopod             840   1260  1680  2100  2521  2731
Palossand             643   964   1285  1607  1928  2089
Silvally              782   1173  1564  1955  2346  2542
Naganadel             842   1263  1684  2105  2526  2736
Melmetal              961   1441  1921  2401  2882  3122
Greedent              621   932   1243  1554  1865  2020
Thievul               559   838   1117  1397  1676  1816
Eldegoss              519   779   1039  1299  1559  1689
Dubwool               573   860   1147  1434  1721  1864
Drednaw               751   1126  1501  1877  2253  2440
Boltund               569   853   1137  1422  1706  1849
Flapple               648   972   1296  1620  1945  2107
Appletun              644   966   1288  1610  1933  2094
Sandaconda            738   1107  1476  1845  2214  2398
Barraskewda           699   1048  1397  1747  2096  2271
Toxtricity (Amped)    685   1027  1370  1713  2055  2227
Centiskorch           792   1188  1585  1981  2377  2575
Grapploct             703   1055  1406  1758  2110  2285
Polteageist           811   1216  1621  2027  2432  2635
(Antique)
Perrserker            627   940   1253  1567  1880  2037
(Galarian)
Cursola               812   1217  1623  2029  2435  2638
Sirfetch’d            790   1186  1581  1976  2372  2569
(Galarian)
Runerigus (Galarian)  595   893   1191  1489  1787  1935
Alcremie              708   1062  1416  1770  2124  2301
Frosmoth              720   1080  1440  1800  2160  2340
Copperajah            788   1181  1575  1969  2363  2560
Urshifu               962   1443  1924  2405  2887  3127
(Rapid_strike)
Sneasler              856   1283  1711  2139  2567  2781
Overqwil              780   1171  1561  1951  2342  2537
Oinkologne (Female)   656   983   1311  1639  1967  2131
Oinkologne            687   1031  1374  1718  2062  2234
Spidops               436   654   872   1090  1308  1417
Lokix                 607   911   1215  1519  1823  1975
Maushold              517   776   1034  1293  1552  1681
(Family_of_four)
Dachsbun              547   821   1095  1368  1642  1779
Armarouge             853   1279  1706  2133  2559  2773
Ceruledge             842   1264  1685  2106  2528  2738
Bellibolt             702   1053  1405  1756  2107  2283
Kilowattrel           641   962   1283  1604  1925  2085
Mabosstiff            785   1177  1570  1963  2355  2552
Grafaiai              593   890   1186  1483  1780  1928
Brambleghast          637   956   1274  1593  1912  2071
Toedscruel            637   955   1273  1592  1910  2069
Scovillain            607   911   1214  1518  1822  1973
Rabsca                692   1038  1384  1730  2076  2249
Espathra              651   976   1301  1627  1952  2115
Wugtrio               491   737   982   1228  1474  1597
Revavroom             782   1173  1563  1954  2346  2541
Glimmora              870   1305  1740  2176  2611  2828
Houndstone            662   993   1324  1655  1986  2152
Cetitan               823   1234  1646  2057  2469  2675
Clodsire              506   759   1013  1266  1519  1646
Dudunsparce (Three)   723   1084  1446  1807  2169  2349
Sinistcha             783   1175  1567  1959  2351  2547
(Masterpiece)

=== No Evolution Line (261) ===
name                  L10   L15   L20   L25   L30   L35
Raichu (Alola)        599   899   1198  1498  1798  1948
Farfetch’d            314   471   628   785   942   1020
Exeggutor (Alola)     799   1198  1597  1997  2396  2596
Kangaskhan            681   1022  1363  1704  2045  2215
Pinsir                783   1175  1567  1959  2351  2547
Tauros                691   1037  1382  1728  2074  2247
Tauros (Paldea_aqua)  751   1126  1501  1877  2252  2440
Lapras                696   1043  1391  1739  2087  2261
Ditto                 205   308   411   513   616   668
Aerodactyl            735   1103  1471  1839  2207  2391
Articuno (Galarian)   958   1437  1916  2395  2874  3114
Articuno              810   1214  1619  2024  2429  2631
Zapdos (Galarian)     946   1419  1893  2366  2839  3076
Zapdos                940   1410  1880  2351  2821  3056
Moltres (Galarian)    841   1262  1683  2104  2525  2735
Moltres               923   1385  1846  2308  2770  3001
Mewtwo (A)            846   1269  1692  2116  2539  2751
Mewtwo                1120  1679  2239  2799  3359  3638
Mew                   869   1303  1737  2172  2606  2823
Typhlosion (Hisuian)  793   1190  1586  1983  2380  2578
Unown (A)             300   449   599   749   899   974
Girafarig             534   800   1067  1334  1601  1735
Qwilfish              535   802   1070  1337  1605  1739
Shuckle               82    123   164   206   247   268
Heracross             823   1234  1646  2058  2469  2675
Corsola               352   528   704   880   1056  1144
Delibird              275   413   551   689   827   895
Skarmory              550   825   1100  1376  1651  1789
Stantler              566   848   1131  1414  1697  1839
Smeargle              98    147   196   246   295   319
Miltank               618   927   1236  1545  1854  2008
Raikou                920   1380  1840  2300  2760  2990
Entei                 925   1388  1850  2313  2776  3007
Suicune               790   1186  1581  1976  2372  2569
Lugia                 988   1482  1976  2471  2965  3212
Ho-Oh                 1034  1550  2067  2584  3101  3360
Celebi                869   1303  1737  2172  2606  2823
Shedinja              72    108   144   180   216   234
Sableye               379   568   757   947   1137  1231
Mawile                422   633   844   1055  1266  1371
Plusle                461   691   921   1152  1382  1497
Minun                 438   657   876   1095  1314  1424
Volbeat               459   688   918   1147  1377  1491
Illumise              459   688   918   1147  1377  1491
Torkoal               546   820   1093  1366  1640  1776
Spinda (00)           309   464   619   774   929   1006
Zangoose              634   951   1268  1586  1903  2062
Seviper               549   824   1098  1373  1648  1785
Lunatone              611   916   1221  1527  1832  1985
Solrock               611   916   1221  1527  1832  1985
Castform              421   631   842   1052  1263  1368
Kecleon               534   801   1068  1335  1602  1736
Tropius               504   756   1009  1261  1513  1639
Absol                 663   995   1326  1658  1990  2156
Relicanth             665   998   1331  1664  1997  2163
Luvdisc               209   314   419   524   628   681
Regirock              828   1242  1656  2070  2484  2691
Regice                828   1242  1656  2070  2484  2691
Registeel             642   963   1283  1605  1926  2086
Latias                936   1404  1872  2340  2808  3042
Latios                1019  1529  2038  2548  3058  3312
Kyogre                1103  1655  2206  2758  3310  3585
Groudon               1103  1655  2206  2758  3310  3585
Rayquaza              1025  1537  2049  2561  3074  3330
Jirachi               869   1303  1737  2172  2606  2823
Deoxys (Attack)       656   984   1312  1640  1969  2133
Deoxys (Defense)      593   890   1187  1484  1780  1929
Deoxys                832   1248  1665  2081  2497  2705
Deoxys (Speed)        761   1141  1522  1903  2283  2474
Pachirisu             307   460   613   767   920   997
Chatot                462   694   925   1156  1388  1503
Spiritomb             541   811   1081  1352  1622  1758
Carnivine             564   846   1129  1411  1693  1835
Rotom (Fan)           679   1018  1358  1698  2037  2207
Rotom                 529   794   1059  1324  1589  1721
Uxie                  663   995   1327  1659  1991  2157
Mesprit               811   1217  1623  2029  2435  2638
Azelf                 852   1277  1703  2129  2555  2768
Dialga                1082  1622  2163  2704  3245  3516
Dialga (Origin)       1096  1644  2192  2740  3288  3562
Palkia                1068  1602  2136  2670  3205  3472
Palkia (Origin)       1110  1665  2220  2775  3330  3608
Heatran               1003  1505  2007  2509  3011  3261
Regigigas             1167  1750  2333  2917  3501  3792
Giratina (Altered)    899   1349  1798  2248  2698  2923
Giratina (Origin)     983   1475  1967  2459  2951  3197
Cresselia             754   1132  1509  1886  2264  2452
Phione                550   825   1100  1375  1650  1788
Manaphy               869   1303  1737  2172  2606  2823
Darkrai               998   1497  1996  2495  2994  3244
Shaymin (Land)        869   1303  1737  2172  2606  2823
Shaymin (Sky)         958   1437  1916  2395  2874  3113
Arceus                1069  1603  2137  2672  3207  3474
Victini               869   1303  1737  2172  2606  2823
Samurott (Hisuian)    740   1111  1481  1851  2222  2407
Audino                433   650   866   1083  1300  1408
Throh                 674   1011  1348  1686  2023  2192
Sawk                  736   1104  1473  1841  2209  2394
Lilligant (Hisuian)   661   992   1322  1653  1984  2149
Basculin              545   818   1091  1364  1637  1773
(Blue_striped)
Darmanitan            1040  1560  2080  2600  3120  3380
(Galarian_zen)
Darmanitan (Zen)      999   1498  1998  2497  2997  3247
Maractus              595   893   1191  1489  1787  1936
Sigilyph              672   1007  1343  1679  2015  2183
Emolga                421   632   843   1054  1264  1370
Alomomola             564   846   1129  1411  1693  1834
Cryogonal             740   1110  1480  1850  2220  2405
Stunfisk              565   847   1129  1412  1695  1836
Druddigon             722   1082  1443  1804  2165  2346
Bouffalant            740   1110  1480  1850  2220  2405
Braviary (Hisuian)    743   1115  1486  1858  2230  2416
Heatmor               628   943   1257  1571  1886  2043
Durant                701   1052  1403  1754  2105  2280
Cobalion              802   1202  1603  2004  2405  2605
Terrakion             988   1481  1975  2469  2963  3210
Virizion              802   1202  1603  2004  2405  2605
Tornadus (Incarnate)  889   1334  1779  2224  2668  2891
Tornadus (Therian)    854   1282  1709  2136  2564  2777
Thundurus             889   1334  1779  2224  2668  2891
(Incarnate)
Thundurus (Therian)   975   1463  1950  2438  2926  3170
Reshiram              1082  1622  2163  2704  3245  3516
Zekrom                1082  1622  2163  2704  3245  3516
Landorus (Incarnate)  957   1436  1914  2393  2872  3111
Landorus (Therian)    1049  1573  2097  2622  3146  3409
Kyurem (Black)        1238  1856  2475  3094  3713  4022
Kyurem                953   1430  1906  2383  2860  3098
Keldeo (Ordinary)     988   1481  1975  2469  2963  3210
Meloetta (Aria)       1064  1596  2127  2660  3192  3458
Meloetta (Pirouette)  1047  1571  2095  2619  3142  3404
Genesect              892   1338  1784  2231  2677  2900
Furfrou (Dandy)       552   827   1103  1379  1655  1793
Aegislash (Blade)     646   969   1292  1615  1938  2100
Hawlucha              633   950   1266  1583  1900  2058
Dedenne               478   717   955   1194  1433  1553
Carbink               373   559   746   933   1119  1213
Klefki                507   761   1015  1269  1523  1649
Avalugg (Hisuian)     922   1382  1843  2304  2765  2995
Xerneas               1011  1516  2021  2527  3032  3285
Yveltal               1011  1516  2021  2527  3032  3285
Zygarde (Complete)    992   1488  1984  2480  2976  3224
Zygarde (Complete_fi  908   1363  1817  2271  2726  2953
fty_percent)
Zygarde (Complete_te  623   935   1247  1559  1871  2027
n_percent)
Diancie               721   1081  1441  1802  2162  2342
Hoopa (Confined)      893   1340  1787  2234  2681  2904
Hoopa (Unbound)       1071  1607  2142  2678  3214  3481
Volcanion             969   1453  1937  2421  2906  3148
Decidueye (Hisuian)   767   1150  1534  1918  2301  2493
Oricorio (Baile)      612   918   1224  1530  1837  1990
Wishiwashi (School)   857   1285  1714  2143  2571  2785
Wishiwashi (Solo)     77    116   155   194   233   252
Comfey                552   828   1105  1381  1657  1795
Oranguru              644   966   1288  1611  1933  2094
Passimian             804   1206  1608  2010  2413  2614
Pyukumuku             349   523   697   872   1046  1133
Minior (Blue)         600   900   1200  1500  1801  1951
Komala                680   1020  1360  1701  2041  2211
Turtonator            582   873   1164  1455  1746  1891
Togedemaru            565   847   1130  1412  1695  1836
Mimikyu (Busted)      583   874   1165  1457  1748  1894
Bruxish               627   941   1255  1568  1882  2039
Drampa                771   1157  1543  1928  2314  2507
Dhelmise              781   1172  1562  1953  2344  2539
Tapu Koko             841   1262  1682  2103  2524  2734
Tapu Lele             931   1396  1862  2328  2793  3026
Tapu Bulu             910   1366  1821  2276  2732  2959
Tapu Fini             756   1134  1511  1890  2268  2457
Nihilego              1057  1586  2115  2644  3173  3437
Buzzwole              922   1384  1845  2306  2768  2998
Pheromosa             744   1115  1487  1859  2231  2417
Xurkitree             1050  1575  2100  2625  3151  3413
Celesteela            824   1236  1647  2060  2472  2678
Kartana               978   1467  1956  2445  2934  3179
Guzzlord              757   1136  1514  1893  2272  2461
Necrozma              1098  1648  2197  2746  3295  3570
(Dawn_wings)
Necrozma              984   1475  1967  2459  2951  3197
Necrozma (Ultra)      1258  1887  2516  3146  3775  4089
Magearna              965   1447  1930  2413  2895  3136
Marshadow             996   1495  1993  2491  2990  3239
Stakataka             875   1313  1750  2188  2626  2844
Blacephalon           873   1309  1746  2183  2619  2838
Zeraora               910   1366  1821  2276  2732  2959
Cramorant             560   840   1120  1400  1681  1821
Mr. Rime (Galarian)   748   1122  1496  1870  2244  2431
Falinks               619   928   1238  1547  1857  2012
Pincurchin            502   753   1005  1256  1507  1633
Stonjourner           855   1283  1711  2139  2567  2781
Eiscue (Ice)          539   808   1077  1347  1617  1751
Eiscue (Noice)        532   798   1064  1330  1596  1729
Indeedee (Female)     630   945   1260  1575  1890  2048
Indeedee (Male)       642   963   1284  1605  1927  2087
Morpeko (Full_belly)  505   757   1009  1262  1515  1641
Dracozolt             691   1037  1383  1728  2074  2247
Arctozolt             676   1014  1352  1691  2029  2198
Dracovish             658   987   1316  1645  1975  2139
Arctovish             644   965   1287  1609  1931  2092
Duraludon             814   1220  1627  2034  2441  2644
Zacian                1341  2011  2682  3353  4023  4359
(Crowned_sword)
Zacian (Hero)         1024  1536  2048  2560  3072  3328
Zamazenta             1119  1678  2237  2796  3356  3635
(Crowned_shield)
Zamazenta (Hero)      1024  1536  2048  2560  3072  3328
Eternatus             2232  3348  4463  5579  6696  7253
(Eternamax)
Eternatus             1190  1784  2379  2974  3569  3866
Zarude                1025  1538  2051  2564  3077  3333
Regieleki             739   1109  1479  1848  2218  2403
Regidrago             782   1173  1563  1954  2345  2541
Glastrier             1043  1564  2085  2607  3128  3389
Spectrier             900   1349  1799  2249  2699  2924
Calyrex (Ice_rider)   1136  1704  2272  2841  3409  3693
Calyrex               597   895   1194  1492  1791  1940
Calyrex               1219  1829  2438  3048  3658  3962
(Shadow_rider)
Wyrdeer               721   1082  1442  1803  2164  2344
Kleavor               835   1252  1670  2087  2505  2714
Enamorus (Incarnate)  911   1366  1822  2278  2733  2961
Enamorus (Therian)    902   1353  1804  2255  2706  2931
Squawkabilly (Blue)   512   769   1025  1282  1538  1666
Klawf                 632   947   1263  1579  1895  2053
Bombirdier            655   982   1309  1637  1964  2128
Palafin (Hero)        1274  1911  2548  3185  3822  4140
Palafin (Zero)        501   751   1001  1252  1503  1628
Cyclizar              618   926   1235  1544  1853  2008
Orthworm              603   904   1205  1507  1809  1959
Flamigo               728   1092  1456  1820  2184  2366
Veluza                640   960   1280  1600  1921  2081
Dondozo               793   1190  1586  1983  2380  2578
Tatsugiri (Curly)     725   1088  1450  1813  2176  2358
Farigiraf             753   1129  1506  1882  2259  2447
Great Tusk            1078  1617  2156  2696  3235  3505
Scream Tail           649   974   1299  1624  1949  2111
Brute Bonnet          948   1422  1896  2371  2845  3082
Flutter Mane          985   1478  1970  2463  2956  3202
Slither Wing          968   1452  1936  2420  2905  3147
Sandy Shocks          911   1367  1822  2278  2734  2962
Iron Treads           912   1368  1824  2280  2736  2964
Iron Bundle           895   1343  1790  2238  2686  2910
Iron Hands            1101  1652  2202  2753  3304  3579
Iron Jugulis          926   1389  1852  2315  2778  3010
Iron Moth             1028  1541  2055  2569  3083  3340
Iron Thorns           1005  1507  2009  2512  3015  3266
Gimmighoul            277   416   555   694   833   902
Gholdengo             938   1406  1875  2344  2813  3048
Wo-Chien              778   1167  1556  1945  2334  2528
Chien-Pao             885   1328  1770  2213  2656  2877
Ting-Lu               941   1412  1882  2353  2824  3059
Chi-Yu                920   1379  1839  2299  2759  2989
Roaring Moon          1130  1695  2260  2826  3391  3674
Iron Valiant          928   1393  1857  2321  2786  3018
Koraidon (Apex)       1064  1596  2127  2659  3191  3457
Miraidon (Ultimate)   1064  1596  2127  2659  3191  3457
Walking Wake          828   1242  1656  2070  2484  2691
Iron Leaves           860   1291  1721  2151  2582  2797
Okidogi               792   1187  1583  1979  2375  2573
Munkidori             778   1166  1555  1944  2333  2528
Fezandipiti           639   959   1279  1599  1919  2079
Ogerpon               736   1104  1471  1839  2207  2391
Archaludon            999   1499  1999  2499  2999  3248
Gouging Fire          823   1234  1645  2056  2468  2674
Raging Bolt           899   1348  1798  2247  2697  2922
Iron Boulder          831   1246  1661  2077  2492  2700
Iron Crown            819   1229  1638  2048  2458  2663
Terapagos             455   683   910   1138  1366  1479
Pecharunt             677   1015  1353  1692  2031  2200

